0 0000
0 0040
0 0001
0 0041
0 0002
0 0042
0 0003
0 0043
0 0004
0 0044
0 0005
0 0045
0 0006
0 0046
0 0007
0 0047
1 0080
0 0000
0 0048
0 0001
0 0049
0 0002
0 004A
0 0003
0 004B
0 0004
0 004C
0 0005
0 004D
0 0006
0 004E
0 0007
0 004F
1 0081
0 0000
0 0050
0 0001
0 0051
0 0002
0 0052
0 0003
0 0053
0 0004
0 0054
0 0005
0 0055
0 0006
0 0056
0 0007
0 0057
1 0082
0 0000
0 0058
0 0001
0 0059
0 0002
0 005A
0 0003
0 005B
0 0004
0 005C
0 0005
0 005D
0 0006
0 005E
0 0007
0 005F
1 0083
0 0000
0 0060
0 0001
0 0061
0 0002
0 0062
0 0003
0 0063
0 0004
0 0064
0 0005
0 0065
0 0006
0 0066
0 0007
0 0067
1 0084
0 0000
0 0068
0 0001
0 0069
0 0002
0 006A
0 0003
0 006B
0 0004
0 006C
0 0005
0 006D
0 0006
0 006E
0 0007
0 006F
1 0085
0 0000
0 0070
0 0001
0 0071
0 0002
0 0072
0 0003
0 0073
0 0004
0 0074
0 0005
0 0075
0 0006
0 0076
0 0007
0 0077
1 0086
0 0000
0 0078
0 0001
0 0079
0 0002
0 007A
0 0003
0 007B
0 0004
0 007C
0 0005
0 007D
0 0006
0 007E
0 0007
0 007F
1 0087
0 0008
0 0040
0 0009
0 0041
0 000A
0 0042
0 000B
0 0043
0 000C
0 0044
0 000D
0 0045
0 000E
0 0046
0 000F
0 0047
1 0088
0 0008
0 0048
0 0009
0 0049
0 000A
0 004A
0 000B
0 004B
0 000C
0 004C
0 000D
0 004D
0 000E
0 004E
0 000F
0 004F
1 0089
0 0008
0 0050
0 0009
0 0051
0 000A
0 0052
0 000B
0 0053
0 000C
0 0054
0 000D
0 0055
0 000E
0 0056
0 000F
0 0057
1 008A
0 0008
0 0058
0 0009
0 0059
0 000A
0 005A
0 000B
0 005B
0 000C
0 005C
0 000D
0 005D
0 000E
0 005E
0 000F
0 005F
1 008B
0 0008
0 0060
0 0009
0 0061
0 000A
0 0062
0 000B
0 0063
0 000C
0 0064
0 000D
0 0065
0 000E
0 0066
0 000F
0 0067
1 008C
0 0008
0 0068
0 0009
0 0069
0 000A
0 006A
0 000B
0 006B
0 000C
0 006C
0 000D
0 006D
0 000E
0 006E
0 000F
0 006F
1 008D
0 0008
0 0070
0 0009
0 0071
0 000A
0 0072
0 000B
0 0073
0 000C
0 0074
0 000D
0 0075
0 000E
0 0076
0 000F
0 0077
1 008E
0 0008
0 0078
0 0009
0 0079
0 000A
0 007A
0 000B
0 007B
0 000C
0 007C
0 000D
0 007D
0 000E
0 007E
0 000F
0 007F
1 008F
0 0010
0 0040
0 0011
0 0041
0 0012
0 0042
0 0013
0 0043
0 0014
0 0044
0 0015
0 0045
0 0016
0 0046
0 0017
0 0047
1 0090
0 0010
0 0048
0 0011
0 0049
0 0012
0 004A
0 0013
0 004B
0 0014
0 004C
0 0015
0 004D
0 0016
0 004E
0 0017
0 004F
1 0091
0 0010
0 0050
0 0011
0 0051
0 0012
0 0052
0 0013
0 0053
0 0014
0 0054
0 0015
0 0055
0 0016
0 0056
0 0017
0 0057
1 0092
0 0010
0 0058
0 0011
0 0059
0 0012
0 005A
0 0013
0 005B
0 0014
0 005C
0 0015
0 005D
0 0016
0 005E
0 0017
0 005F
1 0093
0 0010
0 0060
0 0011
0 0061
0 0012
0 0062
0 0013
0 0063
0 0014
0 0064
0 0015
0 0065
0 0016
0 0066
0 0017
0 0067
1 0094
0 0010
0 0068
0 0011
0 0069
0 0012
0 006A
0 0013
0 006B
0 0014
0 006C
0 0015
0 006D
0 0016
0 006E
0 0017
0 006F
1 0095
0 0010
0 0070
0 0011
0 0071
0 0012
0 0072
0 0013
0 0073
0 0014
0 0074
0 0015
0 0075
0 0016
0 0076
0 0017
0 0077
1 0096
0 0010
0 0078
0 0011
0 0079
0 0012
0 007A
0 0013
0 007B
0 0014
0 007C
0 0015
0 007D
0 0016
0 007E
0 0017
0 007F
1 0097
0 0018
0 0040
0 0019
0 0041
0 001A
0 0042
0 001B
0 0043
0 001C
0 0044
0 001D
0 0045
0 001E
0 0046
0 001F
0 0047
1 0098
0 0018
0 0048
0 0019
0 0049
0 001A
0 004A
0 001B
0 004B
0 001C
0 004C
0 001D
0 004D
0 001E
0 004E
0 001F
0 004F
1 0099
0 0018
0 0050
0 0019
0 0051
0 001A
0 0052
0 001B
0 0053
0 001C
0 0054
0 001D
0 0055
0 001E
0 0056
0 001F
0 0057
1 009A
0 0018
0 0058
0 0019
0 0059
0 001A
0 005A
0 001B
0 005B
0 001C
0 005C
0 001D
0 005D
0 001E
0 005E
0 001F
0 005F
1 009B
0 0018
0 0060
0 0019
0 0061
0 001A
0 0062
0 001B
0 0063
0 001C
0 0064
0 001D
0 0065
0 001E
0 0066
0 001F
0 0067
1 009C
0 0018
0 0068
0 0019
0 0069
0 001A
0 006A
0 001B
0 006B
0 001C
0 006C
0 001D
0 006D
0 001E
0 006E
0 001F
0 006F
1 009D
0 0018
0 0070
0 0019
0 0071
0 001A
0 0072
0 001B
0 0073
0 001C
0 0074
0 001D
0 0075
0 001E
0 0076
0 001F
0 0077
1 009E
0 0018
0 0078
0 0019
0 0079
0 001A
0 007A
0 001B
0 007B
0 001C
0 007C
0 001D
0 007D
0 001E
0 007E
0 001F
0 007F
1 009F
0 0020
0 0040
0 0021
0 0041
0 0022
0 0042
0 0023
0 0043
0 0024
0 0044
0 0025
0 0045
0 0026
0 0046
0 0027
0 0047
1 00A0
0 0020
0 0048
0 0021
0 0049
0 0022
0 004A
0 0023
0 004B
0 0024
0 004C
0 0025
0 004D
0 0026
0 004E
0 0027
0 004F
1 00A1
0 0020
0 0050
0 0021
0 0051
0 0022
0 0052
0 0023
0 0053
0 0024
0 0054
0 0025
0 0055
0 0026
0 0056
0 0027
0 0057
1 00A2
0 0020
0 0058
0 0021
0 0059
0 0022
0 005A
0 0023
0 005B
0 0024
0 005C
0 0025
0 005D
0 0026
0 005E
0 0027
0 005F
1 00A3
0 0020
0 0060
0 0021
0 0061
0 0022
0 0062
0 0023
0 0063
0 0024
0 0064
0 0025
0 0065
0 0026
0 0066
0 0027
0 0067
1 00A4
0 0020
0 0068
0 0021
0 0069
0 0022
0 006A
0 0023
0 006B
0 0024
0 006C
0 0025
0 006D
0 0026
0 006E
0 0027
0 006F
1 00A5
0 0020
0 0070
0 0021
0 0071
0 0022
0 0072
0 0023
0 0073
0 0024
0 0074
0 0025
0 0075
0 0026
0 0076
0 0027
0 0077
1 00A6
0 0020
0 0078
0 0021
0 0079
0 0022
0 007A
0 0023
0 007B
0 0024
0 007C
0 0025
0 007D
0 0026
0 007E
0 0027
0 007F
1 00A7
0 0028
0 0040
0 0029
0 0041
0 002A
0 0042
0 002B
0 0043
0 002C
0 0044
0 002D
0 0045
0 002E
0 0046
0 002F
0 0047
1 00A8
0 0028
0 0048
0 0029
0 0049
0 002A
0 004A
0 002B
0 004B
0 002C
0 004C
0 002D
0 004D
0 002E
0 004E
0 002F
0 004F
1 00A9
0 0028
0 0050
0 0029
0 0051
0 002A
0 0052
0 002B
0 0053
0 002C
0 0054
0 002D
0 0055
0 002E
0 0056
0 002F
0 0057
1 00AA
0 0028
0 0058
0 0029
0 0059
0 002A
0 005A
0 002B
0 005B
0 002C
0 005C
0 002D
0 005D
0 002E
0 005E
0 002F
0 005F
1 00AB
0 0028
0 0060
0 0029
0 0061
0 002A
0 0062
0 002B
0 0063
0 002C
0 0064
0 002D
0 0065
0 002E
0 0066
0 002F
0 0067
1 00AC
0 0028
0 0068
0 0029
0 0069
0 002A
0 006A
0 002B
0 006B
0 002C
0 006C
0 002D
0 006D
0 002E
0 006E
0 002F
0 006F
1 00AD
0 0028
0 0070
0 0029
0 0071
0 002A
0 0072
0 002B
0 0073
0 002C
0 0074
0 002D
0 0075
0 002E
0 0076
0 002F
0 0077
1 00AE
0 0028
0 0078
0 0029
0 0079
0 002A
0 007A
0 002B
0 007B
0 002C
0 007C
0 002D
0 007D
0 002E
0 007E
0 002F
0 007F
1 00AF
0 0030
0 0040
0 0031
0 0041
0 0032
0 0042
0 0033
0 0043
0 0034
0 0044
0 0035
0 0045
0 0036
0 0046
0 0037
0 0047
1 00B0
0 0030
0 0048
0 0031
0 0049
0 0032
0 004A
0 0033
0 004B
0 0034
0 004C
0 0035
0 004D
0 0036
0 004E
0 0037
0 004F
1 00B1
0 0030
0 0050
0 0031
0 0051
0 0032
0 0052
0 0033
0 0053
0 0034
0 0054
0 0035
0 0055
0 0036
0 0056
0 0037
0 0057
1 00B2
0 0030
0 0058
0 0031
0 0059
0 0032
0 005A
0 0033
0 005B
0 0034
0 005C
0 0035
0 005D
0 0036
0 005E
0 0037
0 005F
1 00B3
0 0030
0 0060
0 0031
0 0061
0 0032
0 0062
0 0033
0 0063
0 0034
0 0064
0 0035
0 0065
0 0036
0 0066
0 0037
0 0067
1 00B4
0 0030
0 0068
0 0031
0 0069
0 0032
0 006A
0 0033
0 006B
0 0034
0 006C
0 0035
0 006D
0 0036
0 006E
0 0037
0 006F
1 00B5
0 0030
0 0070
0 0031
0 0071
0 0032
0 0072
0 0033
0 0073
0 0034
0 0074
0 0035
0 0075
0 0036
0 0076
0 0037
0 0077
1 00B6
0 0030
0 0078
0 0031
0 0079
0 0032
0 007A
0 0033
0 007B
0 0034
0 007C
0 0035
0 007D
0 0036
0 007E
0 0037
0 007F
1 00B7
0 0038
0 0040
0 0039
0 0041
0 003A
0 0042
0 003B
0 0043
0 003C
0 0044
0 003D
0 0045
0 003E
0 0046
0 003F
0 0047
1 00B8
0 0038
0 0048
0 0039
0 0049
0 003A
0 004A
0 003B
0 004B
0 003C
0 004C
0 003D
0 004D
0 003E
0 004E
0 003F
0 004F
1 00B9
0 0038
0 0050
0 0039
0 0051
0 003A
0 0052
0 003B
0 0053
0 003C
0 0054
0 003D
0 0055
0 003E
0 0056
0 003F
0 0057
1 00BA
0 0038
0 0058
0 0039
0 0059
0 003A
0 005A
0 003B
0 005B
0 003C
0 005C
0 003D
0 005D
0 003E
0 005E
0 003F
0 005F
1 00BB
0 0038
0 0060
0 0039
0 0061
0 003A
0 0062
0 003B
0 0063
0 003C
0 0064
0 003D
0 0065
0 003E
0 0066
0 003F
0 0067
1 00BC
0 0038
0 0068
0 0039
0 0069
0 003A
0 006A
0 003B
0 006B
0 003C
0 006C
0 003D
0 006D
0 003E
0 006E
0 003F
0 006F
1 00BD
0 0038
0 0070
0 0039
0 0071
0 003A
0 0072
0 003B
0 0073
0 003C
0 0074
0 003D
0 0075
0 003E
0 0076
0 003F
0 0077
1 00BE
0 0038
0 0078
0 0039
0 0079
0 003A
0 007A
0 003B
0 007B
0 003C
0 007C
0 003D
0 007D
0 003E
0 007E
0 003F
0 007F
1 00BF